-60 0.002944
-59 0.004069
-58 0.006934
-57 0.009345
-56 0.013369
-55 0.013871
-54 0.015137
-53 0.017296
-52 0.019222
-51 0.019727
-50 0.019947
-49 0.022061
-48 0.025457
-47 0.027781
-46 0.029557
-45 0.030936
-44 0.031599
-43 0.033404
-42 0.035154
-41 0.035402
-40 0.035031
-39 0.034633
-38 0.033907
-37 0.032811
-36 0.033229
-35 0.032521
-34 0.031848
-33 0.030781
-32 0.030921
-31 0.029476
-30 0.029766
-29 0.028087
-28 0.024320
-27 0.019949
-26 0.017238
-25 0.015740
-24 0.012530
-23 0.008868
-22 0.003228
-21 -0.000895
-20 -0.002361
-19 -0.004511
-18 -0.007461
-17 -0.014303
-16 -0.019277
-15 -0.020215
-14 -0.022119
-13 -0.023678
-12 -0.024020
-11 -0.025887
-10 -0.026427
-9 -0.026672
-8 -0.027820
-7 -0.024438
-6 -0.022642
-5 -0.024181
-4 -0.024107
-3 -0.024811
-2 -0.022120
-1 -0.012042
0 0.000631
1 0.000649
2 0.000013
3 -0.001284
4 -0.001458
5 -0.002028
6 -0.005915
7 -0.009637
8 -0.010087
9 -0.012853
10 -0.014725
11 -0.014421
12 -0.014038
13 -0.011784
14 -0.010986
15 -0.008227
16 -0.005598
17 -0.004135
18 -0.001932
19 -0.000379
20 0.001373
21 0.001781
22 0.000468
23 -0.000750
24 -0.000483
25 -0.000501
26 -0.001682
27 -0.003104
28 -0.003672
29 -0.002363
30 -0.001279
31 -0.001694
32 -0.000570
33 0.001480
34 0.003675
35 0.006741
36 0.009102
37 0.010384
38 0.012628
39 0.015275
40 0.018618
41 0.022057
42 0.022803
43 0.025779
44 0.028283
45 0.031833
46 0.034732
47 0.035229
48 0.035884
49 0.033475
50 0.032208
51 0.033215
52 0.033004
53 0.033656
54 0.031819
55 0.031900
56 0.029756
57 0.028040
58 0.027361
59 0.026438
