-60 0.000902
-59 0.001727
-58 0.003472
-57 0.004374
-56 0.005521
-55 0.006610
-54 0.009200
-53 0.009671
-52 0.010555
-51 0.010358
-50 0.010298
-49 0.011459
-48 0.013066
-47 0.013524
-46 0.013614
-45 0.014770
-44 0.013733
-43 0.015087
-42 0.016472
-41 0.017003
-40 0.018498
-39 0.018121
-38 0.017630
-37 0.017041
-36 0.015595
-35 0.013866
-34 0.011555
-33 0.010310
-32 0.009199
-31 0.008979
-30 0.007967
-29 0.005285
-28 0.004152
-27 0.000928
-26 -0.001445
-25 -0.002243
-24 -0.004089
-23 -0.007961
-22 -0.012983
-21 -0.015319
-20 -0.017111
-19 -0.018244
-18 -0.020803
-17 -0.024648
-16 -0.027798
-15 -0.028847
-14 -0.028872
-13 -0.030022
-12 -0.030663
-11 -0.032869
-10 -0.033594
-9 -0.034066
-8 -0.034675
-7 -0.034773
-6 -0.034523
-5 -0.033138
-4 -0.033863
-3 -0.034356
-2 -0.035376
-1 -0.031138
0 -0.030224
1 -0.029272
2 -0.028510
3 -0.030071
4 -0.031598
5 -0.029915
6 -0.031567
7 -0.032694
8 -0.031575
9 -0.032159
10 -0.031468
11 -0.030422
12 -0.029188
13 -0.026677
14 -0.026270
15 -0.025547
16 -0.025209
17 -0.024513
18 -0.023597
19 -0.022924
20 -0.021362
21 -0.021068
22 -0.022404
23 -0.022417
24 -0.023845
25 -0.025199
26 -0.026085
27 -0.027260
28 -0.029253
29 -0.029004
30 -0.026947
31 -0.027166
32 -0.027399
33 -0.027252
34 -0.027359
35 -0.026364
36 -0.025633
37 -0.025940
38 -0.024674
39 -0.024104
40 -0.020816
41 -0.019595
42 -0.017897
43 -0.016561
44 -0.015860
45 -0.014298
46 -0.012757
47 -0.011824
48 -0.012042
49 -0.013838
50 -0.015331
51 -0.016430
52 -0.016433
53 -0.016886
54 -0.017544
55 -0.018095
56 -0.020919
57 -0.022346
58 -0.022674
59 -0.023861
