-60 0.000842
-59 0.001494
-58 0.005636
-57 0.006259
-56 0.009185
-55 0.010234
-54 0.010299
-53 0.011712
-52 0.013758
-51 0.014886
-50 0.016303
-49 0.019037
-48 0.022042
-47 0.023491
-46 0.024369
-45 0.027802
-44 0.028849
-43 0.036257
-42 0.040698
-41 0.043872
-40 0.045162
-39 0.043674
-38 0.044340
-37 0.043835
-36 0.044996
-35 0.043668
-34 0.042366
-33 0.040588
-32 0.039180
-31 0.041156
-30 0.039130
-29 0.038165
-28 0.034487
-27 0.033930
-26 0.029882
-25 0.026959
-24 0.021860
-23 0.017061
-22 0.012091
-21 0.009681
-20 0.006180
-19 0.000592
-18 -0.002903
-17 -0.008194
-16 -0.012549
-15 -0.014528
-14 -0.013698
-13 -0.015440
-12 -0.017415
-11 -0.020367
-10 -0.021703
-9 -0.023364
-8 -0.024931
-7 -0.023172
-6 -0.023394
-5 -0.024178
-4 -0.025824
-3 -0.027521
-2 -0.029632
-1 -0.035533
0 -0.052040
1 -0.051714
2 -0.053872
3 -0.058327
4 -0.060540
5 -0.062266
6 -0.066568
7 -0.068201
8 -0.068212
9 -0.068669
10 -0.067481
11 -0.068336
12 -0.064568
13 -0.061569
14 -0.061165
15 -0.059048
16 -0.057994
17 -0.055640
18 -0.055405
19 -0.055614
20 -0.055522
21 -0.055283
22 -0.056081
23 -0.058664
24 -0.059535
25 -0.059683
26 -0.058743
27 -0.060040
28 -0.060555
29 -0.059635
30 -0.059904
31 -0.060261
32 -0.061212
33 -0.060286
34 -0.061531
35 -0.059933
36 -0.059827
37 -0.060587
38 -0.061151
39 -0.061389
40 -0.062604
41 -0.061046
42 -0.060987
43 -0.060509
44 -0.060067
45 -0.058432
46 -0.056131
47 -0.054550
48 -0.054638
49 -0.057256
50 -0.059393
51 -0.060506
52 -0.064196
53 -0.064641
54 -0.067273
55 -0.069798
56 -0.071616
57 -0.073665
58 -0.072443
59 -0.072475
